00.jpg 1383 1091 1897 1660 2
01.jpg 889 1826 2022 3465 2
02.jpg 832 1538 1303 2001 1
03.jpg 1096 2009 2231 3223 1
04.jpg 657 1376 1300 1964 2
05.jpg 1800 2131 2516 3013 1
06.jpg 1806 2048 2534 2938 1
07.jpg 1661 1889 2275 2481 1
08.jpg 2390 2349 2944 3049 1
09.jpg 734 2354 1637 3274 1
10.jpg 1759 1764 2523 2563 1
11.jpg 872 932 1483 1504 2
12.jpg 919 1555 1991 2758 2
13.jpg 848 2202 2025 3184 1
14.jpg 645 1501 1559 2174 1
15.jpg 743 1409 1343 1950 1
16.jpg 1059 1132 1513 1596 1
17.jpg 476 1049 912 1381 1
18.jpg 1126 1086 1634 1635 1
19.jpg 1148 2176 2394 3337 1
20.jpg 856 1105 2599 2874 1
21.jpg 233 2221 1307 3141 1
22.jpg 27 1584 1313 2999 2
23.jpg 1534 2139 2639 3540 2
24.jpg 446 413 1655 1464 1
25.jpg 1436 658 2527 1736 1
26.jpg 1094 2048 2247 3013 1
27.jpg 1844 1598 2988 2918 2
28.jpg 197 2624 1191 3400 1
29.jpg 932 2462 1794 3285 1
30.jpg 318 2684 1298 3505 1
31.jpg 226 1919 1084 2861 1
32.jpg 19 504 1210 1540 1
33.jpg 1762 1362 2716 1908 1
34.jpg 1400 2685 2520 4016 1
35.jpg 1415 1707 2603 2879 2
36.jpg 1780 2258 2766 3259 1
37.jpg 432 2139 1500 3014 1
38.jpg 681 2235 1640 3164 1
39.jpg 1835 1797 2931 2711 1
40.jpg 1501 2278 2659 3292 1
41.jpg 1044 1743 2223 3102 2
42.jpg 1617 2292 2726 3358 1
43.jpg 2046 2706 2513 3355 1
44.jpg 850 2699 1297 3304 1
45.jpg 1902 2109 2309 2779 1
46.jpg 434 2325 1004 2799 1
47.jpg 1791 2124 2344 2751 1
48.jpg 1764 438 2392 1205 1
49.jpg 186 1174 952 1770 1
50.jpg 253 2274 1009 2865 1
51.jpg 2093 2125 2740 2795 2
54.jpg 1743 1122 2600 1931 2
55.jpg 1726 2690 2600 3659 1
56.jpg 1721 2450 2687 3359 1
60.jpg 2628 1203 3004 1697 1
61.jpg 1167 1461 1538 1907 1
62.jpg 809 1152 1214 1532 1
70.jpg 165 2059 1010 2683 1
05.jpg 500 875 1358 1685 2
06.jpg 481 799 1325 1548 2
07.jpg 17 1093 826 1821 2
08.jpg 410 1656 1213 2563 2
09.jpg 560 260 1463 1180 2
10.jpg 1023 201 1766 973 2
17.jpg 1833 952 2420 1621 2
29.jpg 1113 505 2193 1409 2
30.jpg 1042 776 1995 1692 2
31.jpg 1787 637 2606 1782 2
33.jpg 12 942 1035 2052 2
34.jpg 16 1369 893 3450 2
36.jpg 1328 346 2525 1349 2
37.jpg 357 404 1320 1415 2
38.jpg 700 819 1404 1535 2
39.jpg 1843 413 2545 1255 2
40.jpg 1628 587 2516 1519 2
42.jpg 1731 530 2652 1516 2
43.jpg 1965 1739 2417 2321 2
44.jpg 766 1718 1277 2249 2
45.jpg 1983 465 2561 1133 2
46.jpg 352 378 1041 940 2
52.jpg 19 639 651 1304 2
53.jpg 1153 1238 1906 1996 2
55.jpg 1078 696 1717 1221 2
56.jpg 992 636 1716 1252 2
61.jpg 2180 531 2555 976 2
62.jpg 1890 213 2283 676 2
70.jpg 2030 442 2707 1219 2
28.jpg 1393 747 2347 1799 2
